-0.82478
-1.6365
1.0806
-0.26338
-1.0059
-1.0541
0.039877
1.6883
1.004
-0.63204
0.057576
-0.82713
-0.96917
-1.8052
-1.8751
0.077718
0.91892
0.19712
-1.3282
-0.90858
-0.37977
4.7514
-0.22239
-2.6384
-2.1451
0.70576
2.5308
-0.99463
-1.9467
2.1006
1.3363
-0.84673
-1.11
0.24644
3.2096
1.7829
-1.8769
-2.054
0.066316
0.9051
2.2886
2.1695
0.75503
0.33832
-1.8873
-1.2951
0.79458
-0.5126
-2.8812
-2.3058
3.2396
0.97631
-1.3205
-2.7428
-1.4079
4.1591
1.2818
-1.4723
-1.6168
1.0243
1.5311
0.66539
2.4265
-1.4136
-0.59309
-1.9121
0.96124
1.611
0.87013
0.27246
-1.7675
-1.8278
-0.88841
-1.0643
2.5202
-1.3583
-2.4295
-0.12806
1.3181
0.21386
-2.408
0.30919
2.0791
1.6229
-2.9989
-2.4503
0.5239
1.7441
0.69092
-1.8998
-0.36417
-0.65081
-2.8821
2.4422
2.085
2.19
-0.91332
-1.376
-1.9365
1.1183
1.872
3.3736
1.2251
-1.9904
-2.1809
1.7281
4.3773
2.2786
-1.4242
-3.2946
2.6926
1.9104
0.14716
-1.6312
0.27298
2.7272
0.44227
-2.3322
0.096315
-1.7116
-0.72187
1.8096
1.4063
-0.39224
-1.6861
-0.29926
-1.0293
2.4715
-0.686
-1.233
0.21881
-1.5055
-1.0002
-0.2975
1.7113
1.0936
-0.75442
-1.3303
0.19988
1.5103
-1.8982
3.0935
1.2528
-0.27156
-0.044167
0.25437
0.21943
2.0329
-0.13467
-1.9472
-3.0711
-1.3907
1.7011
1.0423
0.28567
-0.78244
-0.56963
-2.1201
-0.95273
1.1478
-0.86035
-1.6886
-0.12451
0.88278
-0.628
0.80324
0.44603
-1.4399
1.079
1.9432
0.62296
-1.6219
-2.3948
-1.2125
1.2567
1.9273
-0.23087
-2.0168
0.90139
1.0877
0.29669
1.0231
0.062431
-0.33595
-2.5043
0.30332
0.98572
1.1345
-1.744
-1.1338
-1.0356
1.7594
-0.17076
-2.888
-0.88262
-0.69666
2.4762
0.72231
-3.4273
-2.7012
-0.013966
4.2923
2.4669
-2.366
-2.8401
-0.39739
1.6827
2.8469
-1.8275
-2.0679
-2.3792
1.3014
1.744
1.884
0.3375
-2.1937
-1.5765
-1.1808
2.0404
-2.772
-0.26341
-1.2866
0.74523
-0.38683
-1.6853
0.4567
0.32825
0.72339
-0.42842
-1.4563
-1.9315
-1.9477
-1.0495
0.3941
0.92407
0.2974
-0.2458
0.18556
0.78924
-1.4099
-0.28565
2.2981
-0.01192
-0.13975
-2.7918
0.13361
3.4342
0.57178
-0.48196
-1.8316
0.52227
-0.79152
-2.3589
0.4454
2.4187
-1.1207
-2.7931
-1.2722
0.2226
0.074573
0.56012
-0.25741
0.73945
-0.10006
-2.0727
0.25699
1.4269
1.2105
-0.66972
-3.6725
-1.3833
0.33183
0.35533
0.45552
3.341
-1.2503
-1.7314
-2.6106
2.3772
3.0496
0.018365
0.24579
-2.2554
1.5127
2.4954
0.64162
0.1846
-1.3027
-0.16535
-0.52656
1.9396
0.99616
0.19048
-0.1806
0.52449
-0.058311
-0.34752
2.1123
0.82446
1.4433
-1.5574
-0.64526
0.2905
1.4467
0.1403
-1.5804
-0.29459
2.602
0.76327
1.5699
-1.8643
-2.2088
-1.535
1.6993
0.41763
-0.1956
-1.8113
-0.341
0.49451
0.23386
0.76079
-0.26508
1.5223
1.1805
1.0332
-1.2409
-0.15461
-0.7626
0.45369
2.2691
0.85094
-1.6983
-1.8512
1.1151
3.41
1.0552
-1.6062
-3.837
-0.18825
2.0154
2.061
-0.43135
-2.0169
0.1187
0.7653
2.0308
0.097619
-1.6485
-0.97629
2.1731
1.77
0.11247
-1.0505
-1.5196
3.6909
3.4225
0.014313
-1.0067
-2.775
1.107
2.369
1.366
0.27393
-1.3685
-1.1232
-0.58307
-0.30652
0.1771
1.2653
-0.42477
-2.3
-0.90557
1.2079
2.6727
-0.48291
-0.078116
1.9506
-1.1452
-0.050146
-0.39821
2.4246
-1.0534
-0.13455
-2.478
1.2656
0.83234
-0.59019
1.1198
-0.48652
0.80802
0.14331
-0.39635
-0.81736
0.9734
2.5771
-0.0089694
-1.4487
-1.2922
3.1304
1.4237
0.51688
-0.8177
0.48984
1.3743
-0.65245
0.54119
0.036272
-0.62636
-1.4696
-0.7243
0.58662
1.2121
0.9941
-2.3199
0.86905
1.5542
1.4438
0.71416
-1.4342
-0.96417
-1.7114
2.1982
1.8464
-0.58965
-1.763
-1.0993
2.4355
1.6411
1.6534
-1.5521
0.1551
-0.78876
0.37613
-0.32866
-0.83792
-0.12169
-0.039576
-0.75041
0.54749
-1.7354
0.094723
-1.0007
-0.28304
-0.44792
-2.2265
-1.7369
1.6303
3.27
-0.15592
-0.31405
-0.38882
-0.72638
0.63042
-0.62436
1.9148
-1.5174
-3.2075
-0.74301
-0.23728
-0.88607
0.3322
0.27302
1.4792
-0.016918
-2.5081
0.26077
1.2924
0.11477
-0.40517
-1.6915
-1.3858
0.46224
-0.416
-1.5257
1.1972
2.2078
0.8112
-0.92317
-0.80771
-1.6344
0.76677
1.9855
0.89865
-1.2448
-1.6267
0.75538
4.5185
3.081
-2.9845
-3.8477
0.52148
3.099
0.51529
-1.0995
0.42173
-0.70312
-1.1663
-0.94564
2.7998
0.28476
-0.45952
-1.2286
0.27876
2.1242
0.23735
-0.5291
-2.1301
0.039541
-2.1988
1.911
-0.0010206
0.30324
-1.0834
-0.84083
0.86006
2.5605
0.093619
-1.4507
0.82911
1.1711
-1.7691
-0.27668
0.38428
0.35859
-0.97874
-0.83371
1.34
1.6734
1.6515
-2.4695
0.8223
0.80764
0.88508
-2.6793
-1.5572
-1.4125
-1.3986
-0.07458
-0.51846
0.88306
-1.8197
0.048219
-0.74094
0.39198
0.41972
-1.4106
-0.81991
0.48268
1.7614
1.7092
-2.1018
-1.6251
0.62775
0.27211
0.72334
-0.80434
-1.665
0.30532
0.28495
-0.31739
-0.25715
1.34
1.3437
-1.8703
0.028843
-0.86872
0.97048
-0.37645
-0.13947
-1.1703
-0.66865
0.11337
-0.59277
1.0543
1.8381
0.43976
-1.1139
1.288
-1.2697
-0.098878
2.2408
2.2387
0.60205
-1.8811
-2.415
1.4827
1.0889
0.7564
-2.773
-2.1783
0.15946
1.7566
-1.5879
-1.524
0.11769
1.3276
0.40437
-1.7122
-2.5252
2.1445
0.41688
2.179
-0.46431
-0.74683
-2.3621
1.0769
-0.30493
-1.26
1.2006
-0.33928
-0.45247
-0.71367
-0.56509
1.1539
-0.477
1.003
0.51303
0.57974
1.2621
-2.6814
-0.28436
0.90738
-0.54661
-0.10918
2.337
-0.52843
-1.6219
-0.50619
1.2022
-1.4156
0.20761
0.9809
-0.54036
0.35932
2.8674
1.9292
-1.0391
-1.8731
-2.646
0.21916
1.9388
3.6146
1.553
-2.9375
-0.63583
0.96113
3.602
0.49701
-0.2192
-3.8533
-0.88141
-1.5217
1.5066
3.0012
-3.1214
-2.6105
-0.27796
0.28386
2.5983
-0.33768
-1.1464
1.0737
1.9709
1.2555
-1.0477
-0.63179
-0.6575
-1.1039
-0.88378
1.7633
1.3127
0.086156
1.1899
1.3811
1.8394
-2.0954
-2.8717
-0.99776
2.2417
-1.7452
-1.893
2.4979
1.4478
-1.3288
-2.2862
-0.15133
1.2598
2.7749
-3.314
-3.2884
-0.93667
2.212
-2.3642
-0.77035
-0.98884
-0.073809
-0.67537
-2.7445
0.11114
1.6343
0.36721
-2.8049
1.5767
0.14058
2.4673
-0.22338
-2.1303
-2.4001
0.17122
-0.17942
2.2681
0.31882
-0.632
-0.6
-0.15733
-0.19073
-0.52578
0.18943
1.1242
0.53101
0.30574
0.35146
2.2268
0.796
0.79362
-1.3012
-1.7108
1.0823
1.4739
0.92928
-1.3532
-1.3881
-1.3768
1.5334
4.5092
-0.45634
-0.33777
-0.1388
-1.2261
-1.5321
2.7528
1.0372
-0.91797
-3.2708
-1.2191
-1.7442
1.8714
0.33487
-1.0165
0.96493
1.1351
0.81151
0.79787
0.44404
-0.2806
1.4727
0.85641
0.17931
-0.31533
0.84429
2.2546
1.0794
0.50041
-2.354
0.064621
0.25083
-0.15352
-1.5083
-0.59385
0.52904
-0.33504
-3.1057
-0.73742
1.1057
1.9148
-0.26094
-0.27312
-0.85777
2.633
0.81379
-2.2545
-1.2689
3.5807
0.04944
-0.96242
-1.7777
1.5429
2.2665
0.42514
-0.9137
-0.69381
2.5155
-0.055751
-3.2015
-0.49461
0.014726
-0.5948
-0.81526
-0.96281
1.4384
2.6321
1.6427
-0.41886
-2.0303
-0.015903
0.7759
-0.64435
1.857
1.0606
1.5705
-1.1635
0.2499
1.1527
0.41148
-1.6033
0.10788
0.34086
-0.47985
0.037778
-0.90601
0.66897
0.28444
-1.5596
-1.8174
-0.38338
1.0227
0.72243
-0.2118
-0.35123
0.69793
-0.082827
0.45698
-1.1817
2.3488
1.555
-0.51945
-0.69092
-0.96859
0.85318
-0.45337
-1.47
-0.31138
1.1125
-2.5387
-0.74895
-1.3144
-0.31082
0.73498
2.2706
0.23094
-1.0676
-3.9632
0.2049
1.0367
-0.20437
1.1549
-1.3994
-1.9193
-0.3057
0.9798
-0.5376
-0.021828
-1.2228
-1.9227
-0.95615
0.67003
1.1773
-0.22296
-0.14556
0.0019878
-0.74298
-0.32347
-3.0674
1.7351
0.47552
1.1551
-1.1503
-1.3289
-2.3024
-0.88648
0.61734
1.3065
0.16632
-2.9416
-1.9362
0.99077
3.4347
0.28218
-1.7542
-0.5269
-0.017948
-0.74528
0.14217
-1.7817
2.8605
0.81004
-2.2288
-1.0211
2.5939
1.533
0.021111
0.1743
-1.2148
0.6602
0.39454
-0.76033
-0.83657
-0.13479
0.63426
3.288
-1.1526
-0.49325
-1.0438
0.63966
0.91941
0.15716
-1.4191
-1.4739
-1.3921
-0.036875
-0.133
-0.22761
0.85687
-2.5561
0.50051
0.30537
1.3881
2.457
-0.48251
0.53793
-0.22783
-1.4904
1.7029
2.2617
2.236
-3.182
-2.6265
0.18859
2.3387
0.82275
-1.8181
-0.68832
-0.49496
-1.2635
-0.011498
-0.0044129
0.13067
-0.91276
-0.47263
-0.42222
-1.6709
0.18848
0.66532
1.9043
-1.3973
-1.9232
1.3526
-1.3706
2.625
1.4076
0.71831
0.12611
-0.69772
-1.3903
-0.21856
-0.41192
0.1661
-1.363
0.2973
-2.8573
1.0454
0.15313
2.1171
2.2284
2.6573
-0.21894
0.35896
-0.35828
-0.30041
-0.1128
1.5747
-0.41967
-0.16048
-1.8544
0.76324
2.2255
0.60881
-0.92256
-2.1703
-0.10736
-0.28641
-1.551
-0.043041
1.1704
2.3822
-0.048628
-0.26863
-1.7785
0.3262
0.54834
1.1406
0.41544
0.12659
-2.613
-1.6971
-1.4145
1.5208
0.30161
-1.5941
-1.0484
-3.1512
-1.1648
1.8789
1.1474
0.66824
-2.8307
-2.9203
2.1476
2.6323
2.4702
-2.6953
-2.881
-1.7382
-0.56944
2.6734
3.1312
-0.83467
-3.2839
0.184
3.3217
2.249
-1.0805
-1.4226
1.1074
2.0936
-0.6346
-6.3163
-0.20005
4.0979
2.9411
-3.0342
-3.4451
-0.30082
2.7423
2.2103
-1.9552
-3.5351
-2.6541
1.7672
1.6009
2.131
-2.4125
-3.07
-0.36621
3.4948
1.9759
-3.5402
-5.038
-0.84646
3.9451
5.2118
-2.4188
-2.4375
-0.53018
3.6291
-2.644
-2.5033
2.5689
3.6178
-1.1871
-5.2196
0.65076
3.8392
3.6281
-2.3832
-4.8448
-1.9785
3.386
2.8807
0.57774
0.47596
-1.6924
-4.1012
-3.4401
3.4445
5.3445
0.53259
-5.0656
-4.5623
1.0417
4.3189
0.69558
-0.75146
-3.313
-1.9518
-1.242
1.7511
3.1761
2.6984
-2.1425
-2.1049
-0.89098
1.3839
2.5352
0.051128
-3.7234
-3.4836
1.7236
4.1643
3.5969
-2.7091
-3.3723
1.7163
3.2656
-0.37955
-3.119
-0.025508
4.6004
-1.6763
-5.585
0.10998
4.9838
0.90896
-4.1211
-4.3759
3.2566
6.6157
-4.0927
-7.7212
-1.3932
8.8596
7.1881
-4.0714
-7.7901
-1.5454
6.9547
3.3951
-3.1507
-3.5843
-1.2331
1.0295
0.42846
0.1874
0.58167
-0.12024
-0.1403
0.42433
2.2646
1.8716
-0.35739
-2.2778
0.35837
0.094511
0.88485
0.85662
0.43766
-2.1056
-2.1492
-0.99393
2.193
1.1325
0.091002
-3.2307
0.20689
3.5223
0.98206
-4.0522
-1.3108
2.6287
1.6383
-1.4997
-3.5405
0.41017
6.5789
4.1759
-3.2672
-5.2293
-0.24131
2.9259
1.87
-0.31971
-1.9509
-2.6899
-0.33227
2.1277
1.534
-0.2882
-4.0127
-0.99259
3.9309
4.4895
-1.4036
-5.7694
-2.6345
5.0429
4.6855
-2.8344
-7.3873
-4.5845
5.1865
3.8806
-0.34311
-4.8984
-2.7444
-0.8752
1.731
-1.4087
0.47425
-1.4294
-1.1265
-0.82808
2.4484
3.6523
0.92858
-5.3893
-4.9394
2.5785
5.4169
0.73446
-6.7471
-3.5835
5.4443
5.1431
-0.80158
-6.1302
-1.7792
3.1638
2.6246
-0.7715
-2.9034
-0.20947
1.0675
0.70651
1.8062
0.16463
-2.1193
-2.1162
2.386
3.6875
-2.6968
-4.5161
0.58818
7.6215
2.4891
-4.6329
-3.9704
1.763
6.247
0.088189
-2.2489
-1.9959
-2.4944
-0.79436
4.2744
5.4308
0.04163
-3.9735
-5.872
3.9288
7.3191
1.2307
-3.209
-5.8671
2.7176
4.7811
-2.581
-3.4349
3.2311
3.7515
-2.0331
-6.2817
-1.0455
4.3867
3.8579
-2.1183
-3.212
-1.0916
2.0159
-0.20071
0.57908
1.1667
-1.2726
-2.8451
-2.0758
0.25103
3.9395
-2.5594
-4.2628
-0.56566
4.3489
0.70629
-4.8602
-1.7619
4.8811
2.567
-2.8098
-2.7018
1.7967
1.6295
-0.32375
-3.8146
-1.1048
3.7564
-0.47573
-4.9449
-2.4016
5.7941
2.6747
-1.7948
-4.5533
-1.8665
2.2239
3.138
-0.079358
-3.5183
-1.6254
1.3005
2.7481
3.6459
-0.70047
-3.7745
-1.0214
1.9527
3.5813
0.72539
-5.5168
-2.9472
0.00084449
2.6875
1.9477
-0.32687
-2.4086
-4.3039
-1.955
4.8137
5.7997
2.0353
-4.4101
-5.1237
0.91164
5.7207
4.6967
-1.3241
-4.3526
-2.3024
0.1041
2.3763
3.5441
1.5674
-2.4387
-4.4223
-1.8695
3.5338
2.6563
-0.12779
-1.2588
-1.5777
-0.66021
1.807
1.3803
3.5832
0.63008
-7.1412
-3.7863
3.4593
3.3254
2.522
-3.0731
-2.6302
-0.73858
-0.1348
0.53106
0.27307
-1.0469
0.86176
-0.099636
1.9265
-3.0396
-3.774
1.9183
2.8415
0.94329
-3.5024
-3.6615
0.46839
3.4619
-0.22092
-4.7812
-0.54559
3.1692
0.70973
-3.8288
1.1958
3.2798
5.0884
-1.2814
-5.3628
-2.4813
3.547
3.1709
1.7355
-3.392
-1.6116
1.672
2.3134
-1.3839
-3.9199
3.3234
6.0129
-0.96492
-8.016
-4.1916
4.2524
7.4059
0.7025
-5.4905
-4.0702
2.0418
3.9974
-1.172
-1.2385
-1.5079
-0.7313
-2.5084
-2.3457
3.2094
4.0328
-1.8899
-3.9806
-1.6759
-0.21338
0.21573
-1.3639
-0.39667
0.91426
0.68377
-1.8677
-1.7201
0.3672
0.1907
4.9296
-0.077187
-4.096
-3.5309
1.4584
2.6758
1.8891
-1.0473
-1.5372
-1.889
-0.90477
0.078841
1.7003
4.4735
2.1419
-5.1709
-4.6912
-0.29047
3.9744
4.0029
-0.4342
-3.3425
-1.8775
-0.74817
4.058
1.8463
0.003882
-2.0494
-1.2574
0.31987
1.8428
2.0389
0.25775
0.16641
-2.2089
-1.4135
0.13648
0.58096
-1.4722
-1.1227
5.0959
2.7161
-2.9155
-5.0951
1.7223
7.4312
3.6752
-4.0956
-7.4682
-1.5682
5.1538
6.1347
-1.1618
-3.9087
-2.0332
0.67182
1.3452
0.73244
-2.2514
-0.77773
3.9041
0.81432
-2.0982
-4.8054
1.3339
4.1896
2.651
-1.9414
-7.1128
-1.675
1.4223
2.3218
4.5916
-0.62619
-5.5265
-3.7599
1.8939
5.4764
2.2034
-6.6402
-2.5033
2.6695
1.7997
-2.2802
-0.93395
2.2424
1.9655
-1.699
-3.3808
-2.3589
1.5262
4.4982
-0.26901
-3.6558
-3.3869
-2.8302
1.224
3.3379
2.2476
-1.1535
-2.2037
-0.3725
1.1666
1.2239
-1.7771
-1.6575
1.7366
0.069865
-2.0381
-3.56
-1.8753
4.78
4.4532
0.043133
-4.6385
-2.1859
2.8477
5.6014
2.256
-4.1241
-2.1561
-0.2553
0.19295
0.16745
-0.1893
-1.1711
-0.26631
-0.27284
-0.59162
0.42005
-0.22148
-1.0126
1.117
0.81029
-0.52977
-3.4741
1.2568
3.978
0.95418
-2.6426
-1.7726
-1.8619
1.6247
1.8789
-0.42413
-2.6283
-1.5335
-0.83274
1.7647
-1.2147
-3.4113
-2.4289
1.3607
3.0368
0.20127
-5.181
-0.66243
3.0919
1.7984
-1.9682
0.03873
2.1415
-0.14028
-0.70884
0.41622
2.4372
1.8555
1.0292
0.0077101
-3.9488
-3.3516
0.42003
3.159
4.7794
-4.1663
-5.6859
-0.90067
5.4335
3.0357
-0.62426
-4.2229
-0.65342
1.694
0.83213
0.49398
-0.0014769
-2.5628
-2.5486
0.62742
2.3065
-0.93327
-0.63024
3.0103
4.2202
-1.7844
-4.0419
-1.9746
5.0003
3.5067
-0.81176
-2.8332
0.47602
1.3694
-0.91688
-0.97615
2.2244
1.5764
-2.532
-3.972
3.5476
2.8567
0.81626
-2.5123
-1.6655
0.79947
0.50021
0.78382
-0.46019
-0.83842
-2.1562
-0.24013
1.252
-0.22752
-1.2028
1.0481
2.2561
2.9133
-1.54
-3.088
1.2759
0.35888
0.37324
0.18912
-0.039847
-1.6782
-1.4065
-1.0391
2.9276
1.3985
-1.5873
-2.0871
-0.17834
1.2866
-4.255
0.045789
2.8946
2.678
-2.6903
-3.9621
0.42472
2.414
1.9175
0.96808
-0.46259
-3.0486
-1.3085
0.75805
3.1539
2.1788
-2.966
-2.8683
-0.26443
0.24333
1.2474
0.60985
1.4975
-1.2106
-2.8172
0.77497
1.498
0.25167
-2.7146
1.3275
2.6321
1.4856
-4.283
-0.73298
3.3737
2.1219
-2.1811
-2.1976
-0.31451
2.5764
2.8234
-1.702
-0.78216
0.43631
-0.2393
1.933
0.29269
-1.8207
-1.7297
2.0349
2.0227
-1.4845
-1.9405
-0.98709
2.8339
4.2701
-1.6278
-1.4865
0.3977
2.0314
-0.12816
-1.4093
-1.462
-1.0803
1.7281
1.1871
0.76623
-4.2981
-1.7449
5.1206
5.6061
-2.7402
-7.0851
-0.85366
4.2861
4.5809
-2.5542
-3.5481
2.1954
3.567
-2.7626
-3.1214
1.9705
3.7786
-1.443
-6.083
-2.1456
2.704
3.686
0.97778
-1.4709
-1.1634
-2.2986
1.3749
4.049
2.7237
-1.7137
-2.7326
0.62836
2.4064
1.8237
-0.74133
-0.8764
-2.1271
-2.4022
1.1441
1.9089
-0.13528
-2.361
-3.4181
3.3125
1.8355
-2.3015
-1.5967
1.5365
2.6437
-2.1752
-2.2806
-0.59891
1.1603
1.313
-1.3163
-1.5338
-0.14895
0.87111
1.5761
1.115
-4.1
-2.7108
2.6379
3.857
-1.1618
-5.8511
-1.4421
4.7554
3.2165
-4.0024
-3.9688
3.0399
1.28
-3.0468
-5.2759
2.3089
6.0358
-1.8925
-4.5925
-1.4987
1.7127
2.9033
1.2192
-1.3254
-0.36448
-1.478
-1.3869
2.104
-1.1607
-1.7307
-1.1143
0.76101
-0.56211
-2.6385
-0.53093
3.2876
2.2095
-3.4004
-3.8569
-0.29523
1.6432
1.3443
-0.89836
-1.9454
-1.4204
-2.1224
-1.2841
4.4211
3.1166
-1.8625
-3.7517
2.2068
1.5109
0.40493
1.4095
1.0425
0.59913
-3.2183
-0.78693
3.437
2.2459
-2.6609
-4.3282
1.8018
3.1828
-0.61904
-2.3681
1.639
2.5043
-1.6046
-2.7864
-0.40497
4.5855
-0.17885
-3.771
1.7641
1.4381
1.2731
-0.66919
-0.1613
2.5142
2.5654
-0.45761
2.0111
-1.9487
-3.2371
-1.7306
2.8135
1.4105
-2.1727
-2.3808
1.2194
4.2406
-1.1627
-4.8153
0.23034
3.4812
-0.039854
-4.7563
-2.6544
3.0879
3.9058
-1.6583
-4.5481
-2.4727
1.4729
-0.35207
1.5673
0.19523
0.24666
-2.4054
-1.7785
1.2693
-0.020809
-0.22126
1.5381
3.7832
-2.4822
-2.5926
-0.22437
3.0282
2.0882
-3.8858
-2.3301
0.89987
-0.99589
0.79633
3.908
2.1449
-3.0463
-2.5253
0.39428
3.8194
-0.77477
-0.063416
-3.6689
-0.093629
-1.7993
-0.94503
4.1741
0.6955
-4.8151
-1.447
2.9274
2.8092
-2.5874
-2.5622
1.7719
3.1747
-1.1931
-4.4635
1.0589
1.0873
-0.23974
-3.4167
2.6168
1.1897
-0.50093
-1.2689
0.074956
-0.054624
-1.5931
0.17119
2.0216
1.2139
-1.6276
-1.4159
3.194
2.2957
-2.8769
-3.7937
-0.72528
4.0249
0.55626
-3.4927
-1.031
1.9524
1.93
-0.98751
-1.3907
-0.35604
1.0419
1.1788
-1.4769
-1.4985
-1.8439
0.79237
3.7056
1.2715
-3.8263
-1.7536
1.9271
1.8088
-1.209
-4.0507
1.5561
4.4449
0.14032
-5.7167
0.61486
2.1583
3.0948
-0.26739
-1.9279
-1.4524
1.2251
1.1878
2.7037
1.4066
-2.3543
-3.7785
-1.0931
2.4719
0.22616
-0.79038
-1.2557
2.1333
-1.1542
-1.8545
0.00040661
4.0851
2.1237
-0.5289
-1.5466
-0.10121
0.078875
1.2994
0.51839
0.32759
-1.553
-3.6
-0.627
2.8882
1.8486
-1.4641
-0.42015
-1.8408
1.8721
1.8663
0.35401
-2.379
-0.93285
2.1118
1.4363
-0.3362
-2.3442
-1.3626
0.96829
2.3917
-2.5497
-2.9579
0.10362
2.2007
0.27572
-1.9094
0.14838
0.32334
-1.0193
-1.7749
3.6304
-0.32517
-1.3058
-0.70103
0.51992
-0.22881
-1.2656
-0.69572
0.13307
1.3166
-1.8012
-1.26
0.15366
1.1372
-0.3499
-2.4494
-0.66368
2.8634
-0.49237
-2.4586
-1.3253
2.1545
3.6356
1.0903
-2.2083
-2.5468
-0.092052
1.7908
1.301
-0.31408
-2.107
-3.2117
-2.1267
2.3178
3.0566
1.5252
-0.22428
-1.8732
0.05703
1.8064
4.3162
2.2105
-2.5932
-2.458
1.2165
2.7653
-0.97537
-0.33227
1.8922
1.5355
-1.7464
-3.6243
1.0052
3.0374
1.9157
-2.2247
-2.4258
-1.495
2.4146
3.2178
1.7756
-2.6376
-0.73962
1.8079
5.7103
-0.58236
-3.6555
-1.3777
2.9526
0.97285
-2.4848
-3.9477
2.2623
4.1552
-0.32487
-4.2242
1.9476
6.8051
-0.43544
-3.8694
-3.3095
2.7751
4.2827
0.48354
-3.5689
-0.73836
1.5661
1.1129
2.1341
2.4238
-0.51273
-2.5948
-1.6376
2.8087
1.2288
-1.3487
-3.624
-1.8031
0.3863
1.2458
1.2082
0.5246
-2.9558
-2.7008
-0.75952
3.3795
0.92535
-2.5062
0.021262
0.27616
-2.0769
-1.0958
-0.38807
0.67649
-0.2995
-2.794
-0.63902
3.6907
1.8043
-1.8503
-3.6243
-0.94642
1.8429
2.6955
1.4324
-2.2239
-4.7158
0.37397
5.452
3.6649
-4.6577
-0.82439
4.4855
2.3293
-1.4125
-3.0508
-1.1399
3.1883
1.7908
-3.4224
-2.6146
3.4915
3.9265
0.97741
-2.3404
-1.7568
-2.1815
0.083223
1.332
0.52894
-1.8513
-3.0141
-2.341
2.8808
0.40274
0.038936
-0.13766
-0.36279
-0.69487
0.18094
1.4704
2.6586
-0.37229
-2.0029
0.90592
0.49565
-0.73923
-0.037793
1.4449
-0.073034
-0.053668
-1.9622
1.2449
1.627
-1.1796
-2.8764
1.9839
0.90392
-0.28731
-1.8489
-1.3788
1.6477
1.2299
-0.20504
0.1906
0.94427
-3.2052
-0.3785
2.4047
2.2858
-0.35057
-3.9551
0.7098
3.6357
-0.16477
0.14839
0.94599
1.5467
-1.6328
-2.0216
0.75892
3.0684
-0.3087
-5.1846
-1.2787
1.6881
-1.085
0.44296
1.7409
-0.34574
-1.5006
0.24307
-0.56724
1.7686
-1.1948
-1.6905
2.325
0.68616
-2.1448
-4.0255
1.8818
1.8129
1.8998
-1.5383
-0.91096
0.031347
0.62681
1.4509
1.3248
2.2036
-2.125
-2.7471
-0.7178
2.0613
-0.16338
-0.036867
-2.1947
0.18919
-0.5955
2.0201
3.7232
-0.10929
-4.2215
-2.2615
1.7999
2.9308
-0.54647
-1.6249
1.4537
1.2743
-1.2871
0.28424
3.3588
0.96874
-0.3842
-2.9959
2.1573
5.4591
2.6342
-5.778
-2.3505
3.1744
3.4911
-0.59124
-3.5217
-3.3803
-0.77762
0.42103
2.6401
2.0576
-1.5701
-2.8107
0.29091
2.6391
1.2072
-2.3645
1.1134
0.44246
-2.3457
-2.0585
-0.91148
1.8303
1.0909
-3.5196
0.40565
0.052501
1.0375
0.37262
1.3238
1.4137
-2.1785
-3.9845
-0.43104
0.97414
1.5346
-2.6385
-1.8409
-0.57631
-0.75977
0.042286
3.005
1.2073
-1.1232
-2.5794
0.94106
2.3888
-0.16089
-2.2893
0.68343
2.5896
0.13213
-1.4541
0.030364
3.5257
-0.47889
-4.3574
-2.1911
0.88885
3.4215
-0.72781
-3.4462
0.76326
2.6434
2.7992
0.766
-2.9516
-1.0018
-0.34866
2.6157
3.3659
-1.9792
-2.931
-1.8701
3.9798
1.2281
-2.3823
0.087424
2.7841
1.3619
-1.8801
-3.3397
0.84131
2.9769
0.23031
-2.307
-1.6297
1.7915
1.4816
2.0129
-0.78705
-1.1665
-0.45665
-0.15717
0.93127
-0.49587
-0.32366
1.3792
0.30118
-2.698
-3.1158
0.81714
3.8329
2.9785
-0.69484
-2.7813
-0.90765
0.28819
3.365
1.7652
0.39683
-3.6576
-2.2719
0.90524
4.4058
2.1743
1.1334
-1.6443
-1.4745
-1.4853
1.1567
2.8924
2.386
-2.6051
-1.5011
1.5204
1.1486
0.9484
-2.7816
1.6134
2.7539
-3.0189
-2.3732
-1.4511
3.3222
1.1438
-3.4537
-1.5847
0.31603
1.4993
0.67995
-0.39699
-1.7215
-2.4019
-1.9381
3.0768
1.0759
-1.4208
-1.1167
-0.020162
0.89524
-1.3808
-3.5351
1.157
3.7842
2.9717
-2.7325
-4.5387
-1.4431
1.0518
3.2647
-0.05557
-3.4658
-3.5067
0.99375
3.6552
-1.3869
-1.3751
-1.9211
5.6071
2.4625
-2.0091
-2.0663
3.2002
4.9986
-2.7296
-3.566
2.7605
5.8579
1.0925
-5.3654
-3.0602
3.5253
4.3142
-0.16554
-1.9697
-0.3741
-0.61497
0.44748
2.4692
0.65724
-0.61548
-1.5939
1.1954
4.4776
0.25509
-1.1007
-3.1502
-0.86598
-0.43374
0.23712
1.7074
-1.1053
-2.166
-2.4058
0.6468
3.0122
-1.276
-1.4048
1.9829
2.0944
-0.3946
-3.9193
0.31494
4.4248
3.4467
-3.9214
-2.6424
-0.60685
3.534
1.9013
-1.9846
-2.2105
-1.1044
0.63299
4.154
-0.66133
-2.9592
-1.3863
5.0445
2.673
-2.3907
-1.4748
3.6587
2.9025
-2.0948
-4.7639
-0.32962
5.7381
1.502
-3.4529
-2.5474
3.9983
2.2651
-1.4861
-3.1534
-1.7439
1.8248
-0.30647
0.62126
1.1618
0.69972
-1.6108
2.7239
1.5318
-1.211
-0.60816
0.79824
2.4175
-1.4723
-3.7614
2.4455
1.7981
2.973
-2.0864
-1.7848
0.94977
-0.65959
2.2628
1.4704
2.5469
-1.1776
-3.2498
0.039796
4.5768
3.3763
-0.57663
-2.1464
-1.5277
-3.8592
1.4617
2.6626
2.5083
-1.981
-4.5159
-0.25517
3.2676
0.23023
-4.2732
-0.91506
3.6774
-1.1168
-3.977
-0.042227
3.6595
1.2177
-3.6573
-3.4634
2.4746
1.8136
-1.7732
0.90587
0.71912
2.0208
1.1256
-0.61013
1.3707
-0.017412
0.98704
-0.46009
2.2039
-2.8879
-5.3984
2.0461
6.6296
-2.4729
-4.0011
-2.4875
5.911
1.6737
-1.7386
-3.9807
3.5942
4.9169
-0.86518
-2.2403
0.71764
2.133
0.61003
-0.3332
0.011296
-1.9558
-1.3099
0.16743
5.9891
1.8817
-3.1939
-6.6555
1.5532
4.0757
2.2965
-4.1275
-4.4095
-0.52172
2.3204
1.543
1.313
-1.1536
-0.69718
-2.4278
1.1396
-1.1187
-0.26375
1.9559
2.0063
0.71057
-3.1117
-2.1846
1.1057
3.4891
-0.34349
-3.3415
-1.3182
2.3671
3.7962
2.563
-1.0729
-3.5339
1.804
3.1961
2.3252
-0.99715
-2.1739
-0.3299
2.0627
-0.74483
-2.1571
-1.9599
0.60579
0.57746
-3.1681
-1.9246
1.3088
2.663
0.44515
-0.96098
0.047012
0.046214
0.82794
0.19469
2.6677
0.36763
-3.4969
2.08
2.5644
-0.44078
-1.2427
-0.20572
2.1796
3.1834
-0.83604
-3.0404
1.6741
4.232
2.3286
-1.8351
-1.9409
-0.48281
1.5554
0.84307
-1.1752
-2.0593
0.10523
1.2081
0.42062
1.5887
-1.52
0.16716
0.68284
-0.73942
-1.2644
-0.31803
0.98163
1.5833
0.098878
-0.91046
-2.2025
-1.1145
-0.34269
0.76433
-0.019571
-2.7086
-4.0338
-1.0272
3.5174
0.68805
-1.0637
-1.5856
-0.57937
1.0966
-0.26135
-2.693
0.72959
0.092958
0.28283
-1.7543
-1.066
1.8781
-0.068581
2.4767
1.5697
-1.151
-2.8001
-0.14113
3.0597
3.182
-1.4276
-3.0264
-2.2229
3.1596
3.4374
-0.80336
-2.2227
-0.72344
2.0774
3.5903
0.59732
-4.2042
-1.2885
3.1832
1.1722
-2.5933
-4.4494
2.3347
3.4409
1.0263
-3.8011
-2.0961
0.45556
2.9608
-0.21481
-2.8914
-1.7039
2.5986
1.5835
-0.83936
-2.5639
0.35853
0.48851
1.1039
2.3227
-1.8929
-3.438
0.10312
1.849
0.16264
2.3006
0.068261
0.35247
-2.8808
1.3456
1.65
1.8123
-2.8798
-3.9651
2.1095
2.0862
-3.4198
0.11165
3.3507
-0.56369
-2.5098
-3.4394
3.0518
3.6401
-0.35099
-3.6294
-0.80355
3.8429
2.2177
-4.761
-3.9871
3.1812
4.7415
-1.976
-2.2679
-1.1584
0.31639
0.1632
1.8837
3.2633
-1.4849
-2.2644
-1.0547
4.8198
-0.38395
-2.1984
-1.0337
2.0099
-0.37338
-1.29
-0.50729
2.9544
1.3681
-1.7076
-2.2005
0.95431
2.2823
1.4812
1.5674
0.64917
-0.4752
-1.6798
-0.11263
4.3163
2.5513
-1.5788
-5.7021
-0.38984
2.7761
2.9855
1.1818
-1.1238
-0.17259
0.23373
1.6291
1.7092
0.98722
-2.0194
1.6411
1.4303
-3.264
-3.8447
0.19742
4.4909
0.14108
-1.949
-1.2925
1.1425
0.82631
0.28463
0.041269
-1.6091
-1.1765
-2.3188
0.83337
2.724
0.21373
0.20329
1.7843
0.39273
-1.4164
-3.9762
1.4252
3.4256
1.4155
-3.3763
-2.1988
3.2707
1.6893
-1.1966
-3.3191
0.05446
1.318
0.45708
-2.8595
-2.8138
1.138
-1.1398
0.87352
2.7126
-1.5076
-2.3386
0.8628
4.2051
1.5917
-0.05092
-3.1631
-2.3002
0.60042
4.7419
1.6987
-0.11811
-1.9982
-0.65072
0.02547
2.3527
3.4216
-0.16179
-0.14005
0.35382
-0.35372
-2.4828
-1.3223
5.1038
4.2039
-2.461
-7.3272
-1.6271
4.0321
3.7437
-0.11771
-2.8436
-1.402
0.49878
0.17269
-1.8308
0.04621
0.013342
2.2484
-2.1431
-3.6348
-4.6218
3.7071
7.8175
2.3371
-4.7833
-3.6655
-0.058239
6.0275
4.3215
-1.124
-1.4438
-3.6628
1.1554
2.6076
2.6766
2.2742
-3.0686
-0.6125
0.56891
1.3265
